MEME version 4.0

ALPHABET= ACGT

strands: + -

Background letter frequencies (from dataset without add-one prior applied):
A 0.297 C 0.224 G 0.200 T 0.278

MOTIF  1

BL   MOTIF 1 width=9 seqs=77
letter-probability matrix: alength= 4 w= 9 nsites= 73 E= 1
 0.465753  0.493151  0.000000  0.041096
 0.904110  0.095890  0.000000  0.000000
 0.616438  0.301370  0.082192  0.000000
 0.534247  0.260274  0.150685  0.054795
 0.054795  0.945205  0.000000  0.000000
 0.684932  0.000000  0.000000  0.315068
 0.369863  0.136986  0.493151  0.000000
 0.547945  0.369863  0.054795  0.027397
 0.534247  0.164384  0.000000  0.301370

MOTIF  2

BL   MOTIF 2 width=8 seqs=77
letter-probability matrix: alength= 4 w= 8 nsites= 77 E= 1
 0.480519  0.519481  0.000000  0.000000
 0.831169  0.000000  0.000000  0.168831
 0.051948  0.428571  0.519481  0.000000
 0.311688  0.272727  0.000000  0.415584
 0.714286  0.000000  0.246753  0.038961
 0.571429  0.142857  0.000000  0.285714
 0.220779  0.000000  0.000000  0.779221
 0.012987  0.000000  0.350649  0.636364

MOTIF  3

BL   MOTIF 3 width=10 seqs=77
letter-probability matrix: alength= 4 w= 10 nsites= 74 E= 1
 0.040541  0.283784  0.297297  0.378378
 0.675676  0.310811  0.013514  0.000000
 0.000000  0.432432  0.000000  0.567568
 0.000000  0.000000  0.108108  0.891892
 0.121622  0.094595  0.162162  0.621622
 0.000000  0.756757  0.148649  0.094595
 0.540541  0.459459  0.000000  0.000000
 0.581081  0.081081  0.000000  0.337838
 0.270270  0.297297  0.432432  0.000000
 0.189189  0.364865  0.000000  0.445946

MOTIF  4

BL   MOTIF 4 width=8 seqs=77
letter-probability matrix: alength= 4 w= 8 nsites= 75 E= 1
 0.466667  0.173333  0.080000  0.280000
 0.000000  0.333333  0.000000  0.666667
 0.000000  0.000000  0.000000  1.000000
 0.000000  0.093333  0.360000  0.546667
 0.000000  0.360000  0.080000  0.560000
 0.800000  0.000000  0.000000  0.200000
 0.466667  0.120000  0.293333  0.120000
 0.800000  0.000000  0.200000  0.000000

MOTIF  5

BL   MOTIF 5 width=9 seqs=77
letter-probability matrix: alength= 4 w= 9 nsites= 75 E= 1
 0.400000  0.000000  0.000000  0.600000
 0.000000  0.133333  0.000000  0.866667
 0.000000  0.000000  0.200000  0.800000
 0.053333  0.253333  0.253333  0.440000
 0.400000  0.266667  0.000000  0.333333
 0.773333  0.000000  0.226667  0.000000
 0.480000  0.040000  0.293333  0.186667
 0.706667  0.280000  0.000000  0.013333
 0.320000  0.320000  0.000000  0.360000

MOTIF  6

BL   MOTIF 6 width=8 seqs=77
letter-probability matrix: alength= 4 w= 8 nsites= 75 E= 1
 0.813333  0.000000  0.040000  0.146667
 0.200000  0.280000  0.000000  0.520000
 0.240000  0.280000  0.000000  0.480000
 0.106667  0.000000  0.000000  0.893333
 0.000000  0.613333  0.386667  0.000000
 0.586667  0.013333  0.000000  0.400000
 0.306667  0.000000  0.186667  0.506667
 0.000000  0.000000  0.426667  0.573333

MOTIF  7

BL   MOTIF 7 width=9 seqs=77
letter-probability matrix: alength= 4 w= 9 nsites= 77 E= 1
 0.181818  0.792208  0.012987  0.012987
 0.948052  0.000000  0.000000  0.051948
 0.220779  0.272727  0.506494  0.000000
 0.000000  0.534884  0.000000  0.465116
 0.935065  0.064935  0.000000  0.000000
 0.688312  0.000000  0.142857  0.168831
 0.454545  0.116883  0.000000  0.428571
 0.000000  0.701299  0.298701  0.000000
 0.688312  0.000000  0.000000  0.311688

MOTIF  8

BL   MOTIF 8 width=6 seqs=77
letter-probability matrix: alength= 4 w= 6 nsites= 77 E= 1
 0.597403  0.000000  0.000000  0.402597
 0.675325  0.000000  0.324675  0.000000
 0.553846  0.000000  0.000000  0.446154
 0.246753  0.753247  0.000000  0.000000
 0.740260  0.259740  0.000000  0.000000
 0.948052  0.000000  0.000000  0.051948

MOTIF  9

BL   MOTIF 9 width=8 seqs=77
letter-probability matrix: alength= 4 w= 8 nsites= 76 E= 1
 0.457143  0.542857  0.000000  0.000000
 0.684211  0.013158  0.013158  0.289474
 0.066667  0.133333  0.311111  0.488889
 0.434211  0.000000  0.223684  0.342105
 0.118421  0.263158  0.210526  0.407895
 0.000000  0.250000  0.055556  0.694444
 0.039474  0.000000  0.052632  0.907895
 0.000000  0.289474  0.565789  0.144737

MOTIF  10

BL   MOTIF 10 width=8 seqs=77
letter-probability matrix: alength= 4 w= 8 nsites= 77 E= 1
 0.415584  0.363636  0.155844  0.064935
 0.168831  0.311688  0.000000  0.519481
 0.428571  0.015873  0.111111  0.444444
 0.000000  0.077922  0.545455  0.376623
 0.298701  0.116883  0.363636  0.220779
 0.441558  0.298701  0.064935  0.194805
 0.116883  0.129870  0.000000  0.753247
 0.000000  0.129870  0.077922  0.792208

